[ 3112.752796] [project1] 6605 1587971190.831669415 1587971191.732816905
[ 3114.441669] [project1] 6606 1587971192.527496408 1587971193.421744356
[ 3116.101679] [project1] 6607 1587971194.195677813 1587971195.081809995
[ 3117.782649] [project1] 6608 1587971195.855186685 1587971196.762833734
[ 3119.445413] [project1] 6609 1587971197.537529082 1587971198.425655114
[ 3121.111498] [project1] 6610 1587971199.196937047 1587971200.091794853
[ 3122.774299] [project1] 6611 1587971200.863970630 1587971201.754649912
[ 3124.482596] [project1] 6612 1587971202.526940353 1587971203.463004364
[ 3126.169057] [project1] 6613 1587971204.260746537 1587971205.149520233
[ 3127.830359] [project1] 6614 1587971205.926910486 1587971206.810877168
